0 0.08944916609328331 0 0 0 0 0.004545976451576643 0 0.07102796868835808 0.0035578008172017683 0.10661544301847725 0 0 0 0 0 1.0 0.08423233885252944 0 0 0 0 0.29494075495872607 0.20333578432822536 0 0.1008294814557286
0 5.48381160913233 5.0 1.0 1.0 1.0 1.2349102471518312 0 2.705024067496223 1.2035318210467039 6.2287039039239325 0 0 0 0 0 0.0836144304491978 0.000401276582059575 0 0 0 0 0.0013227592429594032 0.3534786733333513 0 0.0032854956561758513
0 2.1180093539160465 5.518577506258644 1.0 1.0 1.0 0 0 1.0 0 5.00162837159163 0 0 0 0 0 0 0 0 0 0 0 0 0 0 0
0 2.433095662357342 0 0 0 0 1.2209299329541479 0 1.317577691948824 1.1040023629515772 2.9611345490308003 0 0 0 0 0 0.06596306488134475 0.0003355406361707884 0 0 0 0 0.0011060687259778698 0.18513642371246933 0 0.0013046587316412988
0 0.7550565826518953 0 0 0 0 1.1835020503517315 0 1.4635985813009103 1.068927043514027 1.8717999176709512 0 0 0 0 0 0.004545976451576643 0 0 0 0 0 0 0.10674891839257374 0 0.0004116612689922502
1.0 0 0 0 0 0 0 0 0 0 0 0 0 13.452879091010205 12.600095857967219 12.523177263793114 0.08423233885252944 7.0 1.0 12.117612244394923 12.117612244394923 12.0 0 0 0 0
0 6.183047855674586 5.134890473066676 2.0 2.0 2.0 0 0 1.0 0 5.003135255891184 0 0 0 0 0 0 0 0 0 0 0 0 0 0 0
0 0.00021148388960523032 0 0 0 0 0 0 0.00017683922269721804 0 0.00021148388960523032 0 0 0 0 0 0.06848665758187153 0.00031497062557457687 0 0 0 0 1.902055544800387 0.001147668534082384 0 0.00040356848172631735
0 0.43583065885490224 0 0 0 0 0.10839497394247653 0 0.32025621075324084 0.10192082956044995 0.7327414787270191 0 0 0 0 0 0.20333578432822536 0.0021776245346799795 0 0 0 0 0.00717827331502606 1.0 0 0.06757555019741522
0 0.0034707321449421466 0 0 0 0 0.0004116612689922502 0 0.05166350545363634 0.0003887340631530957 0.00507033781043531 0 0 0 0 0 0.1008294814557286 0.0007657442903873264 0 0 0 0 0.0025241825293030595 0.06757555019741522 0 1.0
0 7.7181125671136765 0.0033232151298879346 0 0 0 1.1357997225387624 0 1.487280908246398 1.0059011364108532 3.6221270851805043 0 0 0 0 0 0.0020370367436200265 0 0 0 0 0 0 0.011683540807685534 0 0
0 0.0002533983077583638 0 0 0 0 0 0 0.00021188734451794974 0 0.0002533983077583638 0 0 0 0 0 0.07241892101152869 0.00037739528842208834 0 0 0 0 2.1221327585970826 0.001375127273036526 0 0.00048355253218083347
0 0.0008578770455958091 0 0 0 0 0 0 0.0007173421587627021 0 0.0008578770455958091 0 0 0 0 0 0.14583465976216703 0.0012776673921676312 0 0 0 0 2.000327540747732 0.004655477507907149 0 0.0016370615153959084
0 0 0 0 0 0 0 0 0 0 0 0 0 0 0 0 0 0 0 0 0 0 0 1.0 0 0
0 0.010680325804424275 0 0 0 0 1.3356892302295655 0 1.0081669187437727 1.0005637182911054 1.0912705713021065 0 0 0 0 0 0 0 0 0 0 0 0 0.001076854209640037 0 0
0 0 0 0 0 0 0 0 0 0 0 1.0513731658850312 0.06420887698586897 0 0 0 0 0 0 0 0 0 0 0 0 0
0 0 0 0 0 0 0 0 0 0 0 0 0 0 0 0 0.0038417286767187713 0 0 0 0 0 1.772199641762086 0 0 0
0 1.5017413531323827 5.144756017448465 1.0 1.0 1.0 0 0 1.0 0 5.000243445338651 0 0 0 0 0 0 0 0 0 0 0 0 0 0 0
6.0 0 0 0 0 0 0 0 0 0 0 0 0 11.452879091010203 11.482940145341182 11.439039699663233 0 12.0 6.0 11.117612244394923 11.117612244394923 11.0 0 0 0 0
0 1.398942323674336 5.0 1.0 1.0 1.0 1.3479166023665314 0 1.2394833917012502 1.119919730904519 6.647312148699687 0 0 0 0 0 0.002530521672020684 0 0 0 0 0 0 0.06359883601945349 0 0.0001852364887662955
2.0 0 0 0 0 0 0 0 0 0 0 0 0 2.2012932767559175 4.472054120690472 4.39513552651637 0.024446590041774536 3.0 2.0 4.040334697718278 4.040334697718278 4.0 0 0 0 0
0 0.2128286699005308 0 0 0 0 1.065639480474523 0 1.1100940835512108 1.181704814293739 1.4285451863214063 0 0 0 0 0 0.0035578008172017683 0 0 0 0 0 0 0.09978412659135391 0 0.0003887340631530957
0 1.0109118604523422 0 0 0 0 1.001492874156055 0 1.0616741263863017 1.0007138129505755 1.0148420168173113 0 0 0 0 0 0.0021282888066565023 0 0 0 0 0 0 0.06882536085996117 0 0.05017361023322875
0 0 0 0 0 0 0 0 0 0 0 0 0 0 0 0 0 0 0 0 0 0 0 0 1.0 0
0 1.9980462287596548 5.5385096112516194 1.0 1.0 1.0 0.0003586770828350978 0 1.0016945470030596 0 5.06172812979143 0 0 0 0 0 0 0 0 0 0 0 0 0 0 0
0 0 0 0 0 0 0 0 0 0 0 1.0513731658850312 0.06420887698586897 0 0 0 0 0 0 0 0 0 0 0 0 0
0 5.403721280427014 5.0 1.1148494359470666 1.277696960533175 1.2939522452349668 0 0 1.0 0 5.0 0 0 0 0 0 0 0 0 0 0 0 0 0 0 0
0 6.050062925644139 0 0 0 0 1.0013410490038903 0 1.0498672279110834 1.0001732653873119 1.0013080988939733 0 0 0 0 0 0 0 0 0 0 0 0 0.0001230397752072117 0 0
0 1.0 0 0 0 0 1.0 0 1.0832247877747923 1.0 1.0 0 0 0 0 0 0 0 0 0 0 0 0 0 0 0
0 0 0 0 0 0 0 0 0 0 0 0.06402026006702963 1.0 0 0 0 0 0 0 0 0 0 0 0 0 0
0 0 0 0 0 0 0 0 0 0 0 0.06402026006702963 1.0 0 0 0 0 0 0 0 0 0 0 0 0 0
0 5.000323554253572 0 0 0 0 1.2918929061204008 0 1.000323554253572 1.0 1.0 0 0 0 0 0 0 0 0 0 0 0 0 0 0 0
0 0 0 0 0 0 0 0 0 0 0 0 0 0 0 0 0 0 0 0 0 0 0 1.0 0 0
0 1.4037212804270145 5.403721280427014 1.4105726169285808 1.4343474669519238 1.4358852203036627 0 0 1.0 0 5.0 0 0 0 0 0 0 0 0 0 0 0 0 0 0 0
0 0 0 0 0 0 0 0 0 0 0 0 0 0 0 0 0.004358787926440017 0 0 0 0 0 1.9065979053544866 0 0 0
0 7.123901047689434 5.0 1.0 1.0 1.0 1.1357895914446288 0 2.4553470167246925 1.0044783209665247 8.001914878282106 0 0 0 0 0 0.0015735228306784953 0 0 0 0 0 0 0.008975350612935756 0 0
0 5.330542557143058 0 0 0 0 1.1036186185175298 0 1.1314380752687634 1.0729197559419232 1.5484772338010098 0 0 0 0 0 0.00326851274602559 0 0 0 0 0 0 0.08649874890285357 0 0.0002694331645265053
0 7.123901047689434 5.0 1.0 1.0 1.0 1.1357895914446288 0 2.4553470167246925 1.0044783209665247 8.001914878282106 0 0 0 0 0 0.0015735228306784953 0 0 0 0 0 0 0.008975350612935756 0 0
0 1.0724016756990542 0 0 0 0 1.0024911208567835 0 1.071314734371501 1.0011175001845938 1.1352597589742628 0 0 0 0 0 0.00040609332833614327 0 0 0 0 0 0 0.002572550386149777 0 0
0 1.0 0 0 0 0 1.0 0 1.0 1.0 1.0 0 0 0 0 0 0 0 0 0 0 0 0 0 0 0
0 1.0 5.0 1.0 1.0 1.0 0 0 1.0 0 5.0 0 0 0 0 0 0 0 0 0 0 0 0 0 0 0
0 1.0 0 0 0 0 1.0 0 1.0832247877747923 1.0 1.0 0 0 0 0 0 0 0 0 0 0 0 0 0 0 0
0 0.07003512884717314 0 0 0 0 1.003144787480471 0 1.0659653609162831 1.1818780796810509 1.0119994624160247 0 0 0 0 0 0 0 0 0 0 0 0 0.00201366319388883 0 0
7.0 0 0 0 0 0 0 0 0 0 0 0 0 12.452879091010203 12.482940145341182 12.439039699663233 0.08423233885252944 7.0 7.0 12.117612244394925 12.117612244394925 12.0 0 0 0 0
0 5.0 5.0 2.0 2.0 2.0 0 0 1.0 0 5.0 0 0 0 0 0 0 0 0 0 0 0 0 0 0 0
0 5.609533557449309 0 0 0 0 1.1235049915313637 0 1.3667102976133139 1.1498515964039933 1.7292628644688308 0 0 0 0 0 0.01439124910756899 0 0 0 0 0 0 0.26220432640582414 0 0.0015154089897329536
0 5.366532339432365 5.0 1.0 1.0 1.0 1.003105950376667 0 2.0120721155077295 1.000286967659256 5.569691690990814 0 0 0 0 0 0 0 0 0 0 0 0 0.0003051267596620235 0 0
0 0.0001789657978160771 0 0 0 0 1.1977284694221606 0 1.0001789657978162 1.0 1.111503825072674 0 0 0 0 0 0 0 0 0 0 0 0 0 0 0
0 0 0 0 0 0 0 0 0 0 0 0 0 0 0 0 1.0 0.08423233885252944 0 0 0 0 0 0 0 0
0 0.053190883787436444 0 0 0 0 1.2079951579874502 0 1.0523598855838256 1.0004612897664402 1.1011692790085874 0 0 0 0 0 0 0 0 0 0 0 0 0.0004461615650555491 0 0
0 5.0 5.0 2.0 2.0 2.0 0 0 1.0 0 5.0 0 0 0 0 0 0 0 0 0 0 0 0 0 0 0
0 6.104872085721998 5.0 1.0 1.0 1.0 1.0112990238185884 0 2.0964462926695653 1.0002315628483145 6.3951326292390664 0 0 0 0 0 0.00015716831070786805 0 0 0 0 0 0 0.000497321516563897 0 0
0 5.288576225417496 5.134890473066676 2.0 2.0 2.0 0 0 1.0 0 5.000187959238704 0 0 0 0 0 0 0 0 0 0 0 0 0 0 0
0 0 0 0 0 0 0 1.0 0 0 0 0 0 0 0 0 0 0 0 0 0 0 0 0 0 0
